. Sequence file : [run1snps.phy]

. Model of nucleotides substitution : GTR

. Initial tree : [BioNJ]


. Data	Nb of 	Likelihood	Discrete   	Number of 	Gamma shape	Proportion of	Nucleotides frequencies               	Instantaneous rate matrix              	
  set	taxa	loglk     	gamma model	categories	parameter  	invariant    	f(A)      f(C)      f(G)      f(T)    	[A---------C---------G---------T------]	

  #1	154   	-137727.29393	Yes        	4        	0.617    	0.000    	 0.18388   0.32544   0.32226   0.16842	-1.28639   0.26059   0.91690   0.10890  
      	     	          	           	          	           	             	                                      	 0.14724  -0.79687   0.17594   0.47369  
      	     	          	           	          	           	             	                                      	 0.52318   0.17768  -0.86234   0.16148  
      	     	          	           	          	           	             	                                      	 0.11890   0.91533   0.30900  -1.34323  

  #2	154   	-140879.91873	Yes        	4        	0.581    	0.000    	 0.17978   0.32774   0.32403   0.16845	-1.28030   0.24022   0.93757   0.10250  
      	     	          	           	          	           	             	                                      	 0.13177  -0.79742   0.19002   0.47563  
      	     	          	           	          	           	             	                                      	 0.52020   0.19219  -0.87184   0.15945  
      	     	          	           	          	           	             	                                      	 0.10940   0.92540   0.30673  -1.34153  

  #3	154   	-141038.37428	Yes        	4        	0.593    	0.000    	 0.17726   0.31967   0.32824   0.17483	-1.35382   0.27485   0.99646   0.08251  
      	     	          	           	          	           	             	                                      	 0.15241  -0.81950   0.17622   0.49087  
      	     	          	           	          	           	             	                                      	 0.53813   0.17162  -0.85223   0.14248  
      	     	          	           	          	           	             	                                      	 0.08366   0.89756   0.26751  -1.24873  

  #4	154   	-138527.51373	Yes        	4        	0.596    	0.000    	 0.17862   0.32705   0.32089   0.17344	-1.37634   0.25019   1.02070   0.10545  
      	     	          	           	          	           	             	                                      	 0.13665  -0.77429   0.17933   0.45831  
      	     	          	           	          	           	             	                                      	 0.56817   0.18277  -0.89309   0.14215  
      	     	          	           	          	           	             	                                      	 0.10860   0.86422   0.26300  -1.23583  

  #5	154   	-138542.45530	Yes        	4        	0.610    	0.000    	 0.17473   0.32640   0.32842   0.17045	-1.30973   0.24284   0.96393   0.10296  
      	     	          	           	          	           	             	                                      	 0.13000  -0.79354   0.19274   0.47080  
      	     	          	           	          	           	             	                                      	 0.51284   0.19155  -0.87056   0.16616  
      	     	          	           	          	           	             	                                      	 0.10554   0.90154   0.32016  -1.32725  

  #6	154   	-142304.10708	Yes        	4        	0.605    	0.000    	 0.17994   0.32618   0.32279   0.17109	-1.37075   0.27174   1.00653   0.09248  
      	     	          	           	          	           	             	                                      	 0.14990  -0.76388   0.21241   0.40156  
      	     	          	           	          	           	             	                                      	 0.56109   0.21465  -0.94018   0.16444  
      	     	          	           	          	           	             	                                      	 0.09727   0.76559   0.31025  -1.17311  

  #7	154   	-136486.88661	Yes        	4        	0.625    	0.000    	 0.18121   0.32968   0.32472   0.16440	-1.28278   0.26039   0.93404   0.08835  
      	     	          	           	          	           	             	                                      	 0.14312  -0.80271   0.18404   0.47555  
      	     	          	           	          	           	             	                                      	 0.52124   0.18685  -0.86236   0.15428  
      	     	          	           	          	           	             	                                      	 0.09738   0.95368   0.30474  -1.35580  

  #8	154   	-137744.88087	Yes        	4        	0.607    	0.000    	 0.17630   0.32493   0.32820   0.17058	-1.28088   0.25845   0.94799   0.07445  
      	     	          	           	          	           	             	                                      	 0.14023  -0.83112   0.20809   0.48280  
      	     	          	           	          	           	             	                                      	 0.50923   0.20602  -0.86666   0.15141  
      	     	          	           	          	           	             	                                      	 0.07694   0.91967   0.29133  -1.28794  

  #9	154   	-136784.26497	Yes        	4        	0.649    	0.000    	 0.17597   0.32395   0.32845   0.17164	-1.39624   0.31706   0.96147   0.11772  
      	     	          	           	          	           	             	                                      	 0.17222  -0.79480   0.17085   0.45173  
      	     	          	           	          	           	             	                                      	 0.51511   0.16850  -0.84384   0.16023  
      	     	          	           	          	           	             	                                      	 0.12069   0.85259   0.30662  -1.27989  

  #10	154   	-142294.53308	Yes        	4        	0.603    	0.000    	 0.17899   0.31930   0.32903   0.17268	-1.38663   0.25248   1.00340   0.13076  
      	     	          	           	          	           	             	                                      	 0.14153  -0.78836   0.18919   0.45763  
      	     	          	           	          	           	             	                                      	 0.54584   0.18359  -0.86704   0.13760  
      	     	          	           	          	           	             	                                      	 0.13554   0.84620   0.26219  -1.24393  

  #11	154   	-136609.81876	Yes        	4        	0.616    	0.000    	 0.17655   0.33477   0.31930   0.16937	-1.44001   0.25931   1.08723   0.09347  
      	     	          	           	          	           	             	                                      	 0.13676  -0.71632   0.18266   0.39690  
      	     	          	           	          	           	             	                                      	 0.60117   0.19151  -0.95472   0.16204  
      	     	          	           	          	           	             	                                      	 0.09743   0.78447   0.30548  -1.18739  

  #12	154   	-141548.70382	Yes        	4        	0.563    	0.000    	 0.17589   0.32168   0.32821   0.17422	-1.36657   0.27877   1.02464   0.06316  
      	     	          	           	          	           	             	                                      	 0.15243  -0.79782   0.22518   0.42021  
      	     	          	           	          	           	             	                                      	 0.54912   0.22070  -0.92832   0.15851  
      	     	          	           	          	           	             	                                      	 0.06376   0.77589   0.29860  -1.13825  

  #13	154   	-138365.78401	Yes        	4        	0.595    	0.000    	 0.18296   0.33066   0.31782   0.16856	-1.32407   0.25483   0.98538   0.08387  
      	     	          	           	          	           	             	                                      	 0.14100  -0.77749   0.16772   0.46877  
      	     	          	           	          	           	             	                                      	 0.56728   0.17450  -0.89053   0.14876  
      	     	          	           	          	           	             	                                      	 0.09104   0.91961   0.28049  -1.29113  

  #14	154   	-138762.62637	Yes        	4        	0.593    	0.000    	 0.17758   0.32429   0.32639   0.17174	-1.33048   0.23837   0.98633   0.10578  
      	     	          	           	          	           	             	                                      	 0.13053  -0.77183   0.20328   0.43802  
      	     	          	           	          	           	             	                                      	 0.53664   0.20198  -0.90948   0.17086  
      	     	          	           	          	           	             	                                      	 0.10937   0.82709   0.32471  -1.26117  

  #15	154   	-140033.00053	Yes        	4        	0.596    	0.000    	 0.18074   0.32910   0.32448   0.16568	-1.30205   0.24359   0.96606   0.09240  
      	     	          	           	          	           	             	                                      	 0.13378  -0.78634   0.18496   0.46760  
      	     	          	           	          	           	             	                                      	 0.53812   0.18759  -0.87951   0.15380  
      	     	          	           	          	           	             	                                      	 0.10080   0.92886   0.30121  -1.33088  

  #16	154   	-139770.77609	Yes        	4        	0.589    	0.000    	 0.17373   0.33291   0.32211   0.17125	-1.32985   0.29174   0.96443   0.07369  
      	     	          	           	          	           	             	                                      	 0.15224  -0.80176   0.17598   0.47353  
      	     	          	           	          	           	             	                                      	 0.52016   0.18188  -0.86576   0.16372  
      	     	          	           	          	           	             	                                      	 0.07476   0.92054   0.30795  -1.30324  

  #17	154   	-139624.91915	Yes        	4        	0.606    	0.000    	 0.17771   0.32631   0.32817   0.16781	-1.33925   0.30588   0.96472   0.06865  
      	     	          	           	          	           	             	                                      	 0.16659  -0.81537   0.20656   0.44222  
      	     	          	           	          	           	             	                                      	 0.52240   0.20539  -0.88106   0.15327  
      	     	          	           	          	           	             	                                      	 0.07270   0.85991   0.29975  -1.23235  

  #18	154   	-140773.47963	Yes        	4        	0.559    	0.000    	 0.18333   0.32509   0.32761   0.16397	-1.27747   0.27061   0.91987   0.08699  
      	     	          	           	          	           	             	                                      	 0.15260  -0.82449   0.19298   0.47890  
      	     	          	           	          	           	             	                                      	 0.51474   0.19149  -0.85087   0.14463  
      	     	          	           	          	           	             	                                      	 0.09726   0.94947   0.28897  -1.33571  

  #19	154   	-141581.15519	Yes        	4        	0.604    	0.000    	 0.17702   0.32530   0.32643   0.17125	-1.40326   0.27790   1.01913   0.10622  
      	     	          	           	          	           	             	                                      	 0.15122  -0.76606   0.22498   0.38986  
      	     	          	           	          	           	             	                                      	 0.55265   0.22419  -0.93491   0.15806  
      	     	          	           	          	           	             	                                      	 0.10980   0.74054   0.30129  -1.15162  

  #20	154   	-140694.48961	Yes        	4        	0.603    	0.000    	 0.18072   0.33151   0.31817   0.16960	-1.29204   0.29578   0.91856   0.07771  
      	     	          	           	          	           	             	                                      	 0.16124  -0.81175   0.20580   0.44470  
      	     	          	           	          	           	             	                                      	 0.52174   0.21443  -0.89601   0.15984  
      	     	          	           	          	           	             	                                      	 0.08280   0.86921   0.29985  -1.25186  

  #21	154   	-142858.15907	Yes        	4        	0.568    	0.000    	 0.17784   0.33038   0.31970   0.17208	-1.29912   0.25197   0.96579   0.08136  
      	     	          	           	          	           	             	                                      	 0.13563  -0.77744   0.21055   0.43125  
      	     	          	           	          	           	             	                                      	 0.53725   0.21759  -0.93288   0.17805  
      	     	          	           	          	           	             	                                      	 0.08409   0.82798   0.33079  -1.24286  

  #22	154   	-141587.74981	Yes        	4        	0.580    	0.000    	 0.18513   0.32156   0.32649   0.16682	-1.19799   0.27167   0.84169   0.08463  
      	     	          	           	          	           	             	                                      	 0.15640  -0.86425   0.19097   0.51687  
      	     	          	           	          	           	             	                                      	 0.47726   0.18809  -0.82033   0.15498  
      	     	          	           	          	           	             	                                      	 0.09392   0.99635   0.30333  -1.39359  

  #23	154   	-136734.82637	Yes        	4        	0.620    	0.000    	 0.18279   0.32729   0.31871   0.17121	-1.24902   0.25097   0.91515   0.08291  
      	     	          	           	          	           	             	                                      	 0.14016  -0.83649   0.17975   0.51657  
      	     	          	           	          	           	             	                                      	 0.52486   0.18459  -0.84686   0.13741  
      	     	          	           	          	           	             	                                      	 0.08852   0.98747   0.25579  -1.33178  

  #24	154   	-135939.96312	Yes        	4        	0.620    	0.000    	 0.18498   0.32652   0.31941   0.16910	-1.26699   0.28347   0.91474   0.06878  
      	     	          	           	          	           	             	                                      	 0.16059  -0.81740   0.19635   0.46046  
      	     	          	           	          	           	             	                                      	 0.52975   0.20072  -0.89068   0.16021  
      	     	          	           	          	           	             	                                      	 0.07524   0.88914   0.30262  -1.26701  

  #25	154   	-143441.66841	Yes        	4        	0.575    	0.000    	 0.18362   0.32783   0.31781   0.17074	-1.20132   0.23425   0.87599   0.09107  
      	     	          	           	          	           	             	                                      	 0.13121  -0.80987   0.19090   0.48776  
      	     	          	           	          	           	             	                                      	 0.50613   0.19692  -0.88216   0.17911  
      	     	          	           	          	           	             	                                      	 0.09795   0.93656   0.33339  -1.36790  

  #26	154   	-140372.65811	Yes        	4        	0.557    	0.000    	 0.18428   0.31915   0.32149   0.17508	-1.26324   0.23733   0.96365   0.06226  
      	     	          	           	          	           	             	                                      	 0.13703  -0.81145   0.21152   0.46290  
      	     	          	           	          	           	             	                                      	 0.55235   0.20998  -0.92399   0.16167  
      	     	          	           	          	           	             	                                      	 0.06553   0.84382   0.29687  -1.20621  

  #27	154   	-141479.19666	Yes        	4        	0.592    	0.000    	 0.17640   0.32644   0.32105   0.17611	-1.32551   0.31981   0.91843   0.08727  
      	     	          	           	          	           	             	                                      	 0.17282  -0.83361   0.19531   0.46548  
      	     	          	           	          	           	             	                                      	 0.50463   0.19858  -0.86043   0.15721  
      	     	          	           	          	           	             	                                      	 0.08741   0.86280   0.28660  -1.23681  

  #28	154   	-141076.22725	Yes        	4        	0.609    	0.000    	 0.17956   0.32644   0.32134   0.17266	-1.28646   0.27198   0.93585   0.07863  
      	     	          	           	          	           	             	                                      	 0.14960  -0.81050   0.20998   0.45092  
      	     	          	           	          	           	             	                                      	 0.52293   0.21332  -0.90200   0.16575  
      	     	          	           	          	           	             	                                      	 0.08177   0.85252   0.30847  -1.24276  

  #29	154   	-142469.20554	Yes        	4        	0.580    	0.000    	 0.18149   0.31959   0.32542   0.17350	-1.36338   0.27798   0.99301   0.09239  
      	     	          	           	          	           	             	                                      	 0.15786  -0.76133   0.20107   0.40241  
      	     	          	           	          	           	             	                                      	 0.55379   0.19747  -0.93471   0.18345  
      	     	          	           	          	           	             	                                      	 0.09664   0.74125   0.34409  -1.18199  

  #30	154   	-140659.81901	Yes        	4        	0.562    	0.000    	 0.18542   0.32010   0.32163   0.17285	-1.21946   0.20640   0.93350   0.07955  
      	     	          	           	          	           	             	                                      	 0.11956  -0.82192   0.18986   0.51250  
      	     	          	           	          	           	             	                                      	 0.53817   0.18895  -0.87966   0.15254  
      	     	          	           	          	           	             	                                      	 0.08534   0.94910   0.28384  -1.31828  

  #31	154   	-138614.08463	Yes        	4        	0.602    	0.000    	 0.18114   0.33171   0.31872   0.16844	-1.29570   0.23940   0.99824   0.05806  
      	     	          	           	          	           	             	                                      	 0.13073  -0.78022   0.19098   0.45851  
      	     	          	           	          	           	             	                                      	 0.56732   0.19876  -0.92253   0.15645  
      	     	          	           	          	           	             	                                      	 0.06244   0.90294   0.29603  -1.26141  

  #32	154   	-140938.95322	Yes        	4        	0.594    	0.000    	 0.17223   0.32871   0.32944   0.16961	-1.25317   0.27451   0.89154   0.08712  
      	     	          	           	          	           	             	                                      	 0.14383  -0.84932   0.20361   0.50188  
      	     	          	           	          	           	             	                                      	 0.46610   0.20316  -0.82789   0.15864  
      	     	          	           	          	           	             	                                      	 0.08846   0.97265   0.30812  -1.36923  

  #33	154   	-141567.45031	Yes        	4        	0.585    	0.000    	 0.17670   0.32898   0.32159   0.17273	-1.25609   0.24909   0.92092   0.08608  
      	     	          	           	          	           	             	                                      	 0.13379  -0.79520   0.19558   0.46582  
      	     	          	           	          	           	             	                                      	 0.50599   0.20008  -0.89408   0.18802  
      	     	          	           	          	           	             	                                      	 0.08805   0.88719   0.35005  -1.32529  

  #34	154   	-141577.33715	Yes        	4        	0.586    	0.000    	 0.17873   0.32781   0.31999   0.17347	-1.34193   0.23223   1.03247   0.07723  
      	     	          	           	          	           	             	                                      	 0.12662  -0.75873   0.18723   0.44488  
      	     	          	           	          	           	             	                                      	 0.57670   0.19181  -0.93396   0.16545  
      	     	          	           	          	           	             	                                      	 0.07958   0.84068   0.30518  -1.22543  

  #35	154   	-141542.87943	Yes        	4        	0.592    	0.000    	 0.17705   0.32670   0.32951   0.16675	-1.35241   0.27466   0.96861   0.10914  
      	     	          	           	          	           	             	                                      	 0.14884  -0.77347   0.19916   0.42547  
      	     	          	           	          	           	             	                                      	 0.52044   0.19746  -0.88936   0.17145  
      	     	          	           	          	           	             	                                      	 0.11589   0.83360   0.33881  -1.28830  

  #36	154   	-138760.76816	Yes        	4        	0.591    	0.000    	 0.17460   0.32043   0.32851   0.17646	-1.33813   0.23611   1.01568   0.08634  
      	     	          	           	          	           	             	                                      	 0.12865  -0.77777   0.18998   0.45914  
      	     	          	           	          	           	             	                                      	 0.53981   0.18531  -0.90280   0.17768  
      	     	          	           	          	           	             	                                      	 0.08543   0.83373   0.33078  -1.24993  

  #37	154   	-144343.11120	Yes        	4        	0.570    	0.000    	 0.17925   0.32719   0.32383   0.16972	-1.32417   0.27284   0.96742   0.08392  
      	     	          	           	          	           	             	                                      	 0.14948  -0.80109   0.21579   0.43582  
      	     	          	           	          	           	             	                                      	 0.53550   0.21803  -0.90619   0.15266  
      	     	          	           	          	           	             	                                      	 0.08863   0.84017   0.29127  -1.22007  

  #38	154   	-136799.91053	Yes        	4        	0.609    	0.000    	 0.18283   0.32962   0.31819   0.16936	-1.19755   0.26744   0.82935   0.10076  
      	     	          	           	          	           	             	                                      	 0.14835  -0.83546   0.22609   0.46102  
      	     	          	           	          	           	             	                                      	 0.47656   0.23422  -0.88224   0.17147  
      	     	          	           	          	           	             	                                      	 0.10877   0.89729   0.32215  -1.32821  

  #39	154   	-137771.59187	Yes        	4        	0.618    	0.000    	 0.18737   0.32205   0.31911   0.17148	-1.28322   0.25467   0.92423   0.10432  
      	     	          	           	          	           	             	                                      	 0.14816  -0.81573   0.21903   0.44853  
      	     	          	           	          	           	             	                                      	 0.54267   0.22105  -0.90342   0.13970  
      	     	          	           	          	           	             	                                      	 0.11398   0.84237   0.25998  -1.21633  

  #40	154   	-142975.62956	Yes        	4        	0.581    	0.000    	 0.18122   0.32584   0.32226   0.17068	-1.32294   0.24906   0.99325   0.08063  
      	     	          	           	          	           	             	                                      	 0.13852  -0.78523   0.20041   0.44630  
      	     	          	           	          	           	             	                                      	 0.55855   0.20263  -0.91488   0.15370  
      	     	          	           	          	           	             	                                      	 0.08561   0.85203   0.29022  -1.22785  

  #41	154   	-136150.49203	Yes        	4        	0.615    	0.000    	 0.17755   0.32482   0.32309   0.17454	-1.38650   0.30215   0.98656   0.09779  
      	     	          	           	          	           	             	                                      	 0.16516  -0.79564   0.19932   0.43116  
      	     	          	           	          	           	             	                                      	 0.54215   0.20039  -0.89430   0.15176  
      	     	          	           	          	           	             	                                      	 0.09948   0.80240   0.28094  -1.18282  

  #42	154   	-137127.40561	Yes        	4        	0.622    	0.000    	 0.17283   0.32459   0.33316   0.16942	-1.26371   0.28958   0.88573   0.08840  
      	     	          	           	          	           	             	                                      	 0.15418  -0.86359   0.20396   0.50545  
      	     	          	           	          	           	             	                                      	 0.45948   0.19871  -0.81226   0.15407  
      	     	          	           	          	           	             	                                      	 0.09017   0.96838   0.30296  -1.36151  

  #43	154   	-137745.95632	Yes        	4        	0.604    	0.000    	 0.17891   0.32903   0.31883   0.17323	-1.38910   0.25661   1.01710   0.11538  
      	     	          	           	          	           	             	                                      	 0.13954  -0.75104   0.15982   0.45168  
      	     	          	           	          	           	             	                                      	 0.57075   0.16494  -0.89335   0.15766  
      	     	          	           	          	           	             	                                      	 0.11917   0.85793   0.29019  -1.26729  

  #44	154   	-141949.68461	Yes        	4        	0.592    	0.000    	 0.18206   0.32202   0.32716   0.16877	-1.32160   0.24993   0.97307   0.09859  
      	     	          	           	          	           	             	                                      	 0.14130  -0.77604   0.19109   0.44365  
      	     	          	           	          	           	             	                                      	 0.54150   0.18809  -0.89769   0.16809  
      	     	          	           	          	           	             	                                      	 0.10636   0.84654   0.32585  -1.27875  

  #45	154   	-141358.29975	Yes        	4        	0.587    	0.000    	 0.18459   0.32664   0.32063   0.16813	-1.32522   0.27881   0.94760   0.09881  
      	     	          	           	          	           	             	                                      	 0.15756  -0.79930   0.22238   0.41936  
      	     	          	           	          	           	             	                                      	 0.54555   0.22655  -0.91480   0.14270  
      	     	          	           	          	           	             	                                      	 0.10848   0.81472   0.27214  -1.19535  

  #46	154   	-137306.55400	Yes        	4        	0.606    	0.000    	 0.17724   0.32330   0.32417   0.17529	-1.40770   0.27978   1.01494   0.11298  
      	     	          	           	          	           	             	                                      	 0.15338  -0.78285   0.19584   0.43363  
      	     	          	           	          	           	             	                                      	 0.55491   0.19532  -0.89519   0.14496  
      	     	          	           	          	           	             	                                      	 0.11423   0.79980   0.26809  -1.18213  

  #47	154   	-140727.36406	Yes        	4        	0.593    	0.000    	 0.17926   0.32621   0.33281   0.16172	-1.31491   0.24474   0.97786   0.09231  
      	     	          	           	          	           	             	                                      	 0.13449  -0.79207   0.21013   0.44744  
      	     	          	           	          	           	             	                                      	 0.52671   0.20597  -0.88225   0.14956  
      	     	          	           	          	           	             	                                      	 0.10232   0.90256   0.30780  -1.31268  

  #48	154   	-138838.69962	Yes        	4        	0.607    	0.000    	 0.18060   0.31888   0.32853   0.17199	-1.26845   0.24944   0.92911   0.08990  
      	     	          	           	          	           	             	                                      	 0.14127  -0.82411   0.20030   0.48255  
      	     	          	           	          	           	             	                                      	 0.51073   0.19441  -0.86702   0.16187  
      	     	          	           	          	           	             	                                      	 0.09440   0.89465   0.30920  -1.29824  

  #49	154   	-140584.98357	Yes        	4        	0.576    	0.000    	 0.18068   0.32293   0.32366   0.17274	-1.26893   0.27885   0.88626   0.10382  
      	     	          	           	          	           	             	                                      	 0.15602  -0.85108   0.21538   0.47969  
      	     	          	           	          	           	             	                                      	 0.49474   0.21489  -0.85262   0.14298  
      	     	          	           	          	           	             	                                      	 0.10859   0.89676   0.26791  -1.27326  

  #50	154   	-140483.48141	Yes        	4        	0.594    	0.000    	 0.18414   0.31925   0.32706   0.16955	-1.23559   0.30957   0.84573   0.08029  
      	     	          	           	          	           	             	                                      	 0.17855  -0.89463   0.19479   0.52128  
      	     	          	           	          	           	             	                                      	 0.47616   0.19014  -0.80044   0.13414  
      	     	          	           	          	           	             	                                      	 0.08720   0.98155   0.25876  -1.32751  

  #51	154   	-139533.56021	Yes        	4        	0.589    	0.000    	 0.18026   0.32791   0.31744   0.17439	-1.27712   0.25639   0.92050   0.10023  
      	     	          	           	          	           	             	                                      	 0.14094  -0.81753   0.19273   0.48385  
      	     	          	           	          	           	             	                                      	 0.52271   0.19909  -0.87278   0.15098  
      	     	          	           	          	           	             	                                      	 0.10361   0.90981   0.27483  -1.28825  

  #52	154   	-136725.45316	Yes        	4        	0.618    	0.000    	 0.18247   0.32529   0.32120   0.17104	-1.28002   0.29700   0.88790   0.09512  
      	     	          	           	          	           	             	                                      	 0.16661  -0.81675   0.19674   0.45340  
      	     	          	           	          	           	             	                                      	 0.50442   0.19924  -0.87473   0.17106  
      	     	          	           	          	           	             	                                      	 0.10148   0.86230   0.32125  -1.28502  

  #53	154   	-136297.34816	Yes        	4        	0.624    	0.000    	 0.17751   0.32078   0.32557   0.17614	-1.34023   0.26335   1.00305   0.07383  
      	     	          	           	          	           	             	                                      	 0.14573  -0.79926   0.19281   0.46071  
      	     	          	           	          	           	             	                                      	 0.54690   0.18998  -0.89800   0.16112  
      	     	          	           	          	           	             	                                      	 0.07441   0.83904   0.29780  -1.21124  

  #54	154   	-140059.80669	Yes        	4        	0.585    	0.000    	 0.18413   0.32269   0.32080   0.17239	-1.29715   0.25454   0.95222   0.09039  
      	     	          	           	          	           	             	                                      	 0.14525  -0.77109   0.19923   0.42661  
      	     	          	           	          	           	             	                                      	 0.54655   0.20041  -0.93151   0.18456  
      	     	          	           	          	           	             	                                      	 0.09654   0.79857   0.34345  -1.23856  

  #55	154   	-141964.24131	Yes        	4        	0.589    	0.000    	 0.18159   0.32488   0.32674   0.16679	-1.30178   0.30276   0.89603   0.10299  
      	     	          	           	          	           	             	                                      	 0.16923  -0.83692   0.19435   0.47334  
      	     	          	           	          	           	             	                                      	 0.49799   0.19325  -0.83412   0.14288  
      	     	          	           	          	           	             	                                      	 0.11213   0.92202   0.27992  -1.31407  

  #56	154   	-139169.70543	Yes        	4        	0.595    	0.000    	 0.18251   0.32471   0.32042   0.17237	-1.29801   0.27661   0.96153   0.05986  
      	     	          	           	          	           	             	                                      	 0.15548  -0.81219   0.17431   0.48241  
      	     	          	           	          	           	             	                                      	 0.54769   0.17664  -0.87995   0.15562  
      	     	          	           	          	           	             	                                      	 0.06338   0.90875   0.28928  -1.26142  

  #57	154   	-139455.30645	Yes        	4        	0.604    	0.000    	 0.17855   0.32413   0.32570   0.17163	-1.34493   0.26863   1.00068   0.07562  
      	     	          	           	          	           	             	                                      	 0.14798  -0.78157   0.19870   0.43489  
      	     	          	           	          	           	             	                                      	 0.54857   0.19774  -0.91365   0.16734  
      	     	          	           	          	           	             	                                      	 0.07867   0.82131   0.31756  -1.21754  

  #58	154   	-137378.34188	Yes        	4        	0.612    	0.000    	 0.18153   0.32223   0.33038   0.16586	-1.31512   0.24250   0.97356   0.09906  
      	     	          	           	          	           	             	                                      	 0.13661  -0.82092   0.21507   0.46924  
      	     	          	           	          	           	             	                                      	 0.53494   0.20977  -0.86808   0.12338  
      	     	          	           	          	           	             	                                      	 0.10842   0.91160   0.24575  -1.26577  

  #59	154   	-141121.22104	Yes        	4        	0.592    	0.000    	 0.18039   0.32979   0.31778   0.17204	-1.33508   0.26119   0.99056   0.08333  
      	     	          	           	          	           	             	                                      	 0.14286  -0.78309   0.18247   0.45776  
      	     	          	           	          	           	             	                                      	 0.56229   0.18936  -0.90278   0.15113  
      	     	          	           	          	           	             	                                      	 0.08738   0.87751   0.27916  -1.24405  

  #60	154   	-138142.71015	Yes        	4        	0.626    	0.000    	 0.18376   0.33260   0.31125   0.17239	-1.29085   0.26653   0.92884   0.09548  
      	     	          	           	          	           	             	                                      	 0.14725  -0.76825   0.19553   0.42546  
      	     	          	           	          	           	             	                                      	 0.54836   0.20895  -0.93805   0.18074  
      	     	          	           	          	           	             	                                      	 0.10177   0.82086   0.32633  -1.24896  

  #61	154   	-143061.38568	Yes        	4        	0.584    	0.000    	 0.18072   0.32267   0.32414   0.17247	-1.30333   0.28417   0.93976   0.07940  
      	     	          	           	          	           	             	                                      	 0.15915  -0.81476   0.21580   0.43981  
      	     	          	           	          	           	             	                                      	 0.52394   0.21482  -0.90203   0.16327  
      	     	          	           	          	           	             	                                      	 0.08320   0.82281   0.30686  -1.21286  

  #62	154   	-142352.64233	Yes        	4        	0.565    	0.000    	 0.17915   0.31724   0.33000   0.17361	-1.32738   0.28988   0.92618   0.11133  
      	     	          	           	          	           	             	                                      	 0.16369  -0.84317   0.20036   0.47912  
      	     	          	           	          	           	             	                                      	 0.50280   0.19262  -0.83676   0.14134  
      	     	          	           	          	           	             	                                      	 0.11488   0.87549   0.26865  -1.25902  

  #63	154   	-140878.72185	Yes        	4        	0.583    	0.000    	 0.18097   0.32967   0.31796   0.17140	-1.26057   0.22707   0.92997   0.10353  
      	     	          	           	          	           	             	                                      	 0.12465  -0.80307   0.19306   0.48536  
      	     	          	           	          	           	             	                                      	 0.52928   0.20017  -0.88112   0.15167  
      	     	          	           	          	           	             	                                      	 0.10931   0.93351   0.28136  -1.32418  

  #64	154   	-136510.65158	Yes        	4        	0.639    	0.000    	 0.17922   0.32120   0.32440   0.17518	-1.28034   0.25264   0.93066   0.09703  
      	     	          	           	          	           	             	                                      	 0.14096  -0.80625   0.19993   0.46536  
      	     	          	           	          	           	             	                                      	 0.51415   0.19796  -0.88735   0.17524  
      	     	          	           	          	           	             	                                      	 0.09927   0.85327   0.32452  -1.27706  

  #65	154   	-138636.37616	Yes        	4        	0.589    	0.000    	 0.17337   0.32591   0.32643   0.17429	-1.39591   0.27331   1.03119   0.09141  
      	     	          	           	          	           	             	                                      	 0.14539  -0.77714   0.18118   0.45057  
      	     	          	           	          	           	             	                                      	 0.54767   0.18088  -0.88815   0.15960  
      	     	          	           	          	           	             	                                      	 0.09093   0.84255   0.29892  -1.23239  

  #66	154   	-140449.18412	Yes        	4        	0.584    	0.000    	 0.18220   0.32663   0.31561   0.17556	-1.27084   0.25337   0.93795   0.07953  
      	     	          	           	          	           	             	                                      	 0.14134  -0.77862   0.18834   0.44894  
      	     	          	           	          	           	             	                                      	 0.54148   0.19492  -0.92744   0.19104  
      	     	          	           	          	           	             	                                      	 0.08253   0.83524   0.34344  -1.26121  

  #67	154   	-139590.98964	Yes        	4        	0.597    	0.000    	 0.17846   0.32552   0.32690   0.16912	-1.32674   0.28188   0.95465   0.09021  
      	     	          	           	          	           	             	                                      	 0.15454  -0.80629   0.20001   0.45175  
      	     	          	           	          	           	             	                                      	 0.52117   0.19916  -0.87654   0.15621  
      	     	          	           	          	           	             	                                      	 0.09520   0.86954   0.30195  -1.26669  

  #68	154   	-134158.89532	Yes        	4        	0.658    	0.000    	 0.17986   0.32582   0.31956   0.17477	-1.32054   0.24052   0.98210   0.09791  
      	     	          	           	          	           	             	                                      	 0.13277  -0.77157   0.20219   0.43661  
      	     	          	           	          	           	             	                                      	 0.55276   0.20615  -0.92902   0.17012  
      	     	          	           	          	           	             	                                      	 0.10076   0.81396   0.31105  -1.22578  

  #69	154   	-136187.94539	Yes        	4        	0.625    	0.000    	 0.18220   0.32568   0.32197   0.17014	-1.31254   0.24807   0.95007   0.11441  
      	     	          	           	          	           	             	                                      	 0.13878  -0.77508   0.18785   0.44844  
      	     	          	           	          	           	             	                                      	 0.53765   0.19001  -0.89420   0.16654  
      	     	          	           	          	           	             	                                      	 0.12252   0.85839   0.31515  -1.29605  

  #70	154   	-141506.10543	Yes        	4        	0.594    	0.000    	 0.17175   0.32703   0.32866   0.17255	-1.41335   0.29443   1.03492   0.08400  
      	     	          	           	          	           	             	                                      	 0.15463  -0.78193   0.20137   0.42593  
      	     	          	           	          	           	             	                                      	 0.54083   0.20037  -0.89974   0.15854  
      	     	          	           	          	           	             	                                      	 0.08361   0.80723   0.30198  -1.19282  

  #71	154   	-140119.77222	Yes        	4        	0.602    	0.000    	 0.18021   0.32430   0.32691   0.16857	-1.25070   0.23612   0.89821   0.11638  
      	     	          	           	          	           	             	                                      	 0.13121  -0.83389   0.21928   0.48341  
      	     	          	           	          	           	             	                                      	 0.49514   0.21752  -0.85560   0.14294  
      	     	          	           	          	           	             	                                      	 0.12441   0.92998   0.27720  -1.33159  

  #72	154   	-139382.86610	Yes        	4        	0.581    	0.000    	 0.18063   0.32443   0.31920   0.17573	-1.23743   0.26882   0.87883   0.08978  
      	     	          	           	          	           	             	                                      	 0.14967  -0.84019   0.21017   0.48035  
      	     	          	           	          	           	             	                                      	 0.49732   0.21361  -0.87525   0.16432  
      	     	          	           	          	           	             	                                      	 0.09229   0.88681   0.29848  -1.27758  

  #73	154   	-139237.06863	Yes        	4        	0.612    	0.000    	 0.18110   0.33321   0.31808   0.16761	-1.22106   0.27930   0.83815   0.10361  
      	     	          	           	          	           	             	                                      	 0.15179  -0.81970   0.19349   0.47441  
      	     	          	           	          	           	             	                                      	 0.47719   0.20269  -0.85693   0.17705  
      	     	          	           	          	           	             	                                      	 0.11195   0.94315   0.33600  -1.39110  

  #74	154   	-141390.55935	Yes        	4        	0.589    	0.000    	 0.17572   0.32584   0.32632   0.17212	-1.22115   0.28137   0.84148   0.09830  
      	     	          	           	          	           	             	                                      	 0.15174  -0.85412   0.17152   0.53086  
      	     	          	           	          	           	             	                                      	 0.45312   0.17127  -0.79770   0.17331  
      	     	          	           	          	           	             	                                      	 0.10036   1.00498   0.32859  -1.43392  

  #75	154   	-138164.54945	Yes        	4        	0.598    	0.000    	 0.17998   0.32901   0.31736   0.17365	-1.39981   0.24104   1.07328   0.08549  
      	     	          	           	          	           	             	                                      	 0.13185  -0.72694   0.18661   0.40848  
      	     	          	           	          	           	             	                                      	 0.60866   0.19346  -0.96683   0.16471  
      	     	          	           	          	           	             	                                      	 0.08861   0.77396   0.30103  -1.16361  

  #76	154   	-139087.15092	Yes        	4        	0.589    	0.000    	 0.18659   0.31897   0.32420   0.17024	-1.23419   0.27546   0.85852   0.10021  
      	     	          	           	          	           	             	                                      	 0.16114  -0.83967   0.20726   0.47127  
      	     	          	           	          	           	             	                                      	 0.49411   0.20392  -0.86237   0.16434  
      	     	          	           	          	           	             	                                      	 0.10984   0.88302   0.31298  -1.30583  

  #77	154   	-137635.01705	Yes        	4        	0.609    	0.000    	 0.18703   0.32314   0.32057   0.16926	-1.22280   0.24160   0.89417   0.08704  
      	     	          	           	          	           	             	                                      	 0.13984  -0.82315   0.22550   0.45782  
      	     	          	           	          	           	             	                                      	 0.52170   0.22730  -0.90651   0.15750  
      	     	          	           	          	           	             	                                      	 0.09618   0.87403   0.29830  -1.26850  

  #78	154   	-138854.29638	Yes        	4        	0.614    	0.000    	 0.17996   0.32527   0.32707   0.16770	-1.27662   0.27443   0.92640   0.07579  
      	     	          	           	          	           	             	                                      	 0.15183  -0.81908   0.21373   0.45353  
      	     	          	           	          	           	             	                                      	 0.50972   0.21256  -0.88500   0.16272  
      	     	          	           	          	           	             	                                      	 0.08133   0.87967   0.31736  -1.27836  

  #79	154   	-139510.71433	Yes        	4        	0.586    	0.000    	 0.17914   0.33071   0.32161   0.16854	-1.28662   0.25682   0.96445   0.06535  
      	     	          	           	          	           	             	                                      	 0.13912  -0.80802   0.18746   0.48145  
      	     	          	           	          	           	             	                                      	 0.53721   0.19276  -0.88015   0.15018  
      	     	          	           	          	           	             	                                      	 0.06946   0.94473   0.28657  -1.30076  

  #80	154   	-142048.74509	Yes        	4        	0.599    	0.000    	 0.18099   0.32177   0.32392   0.17332	-1.24391   0.25730   0.87217   0.11443  
      	     	          	           	          	           	             	                                      	 0.14473  -0.83988   0.20945   0.48569  
      	     	          	           	          	           	             	                                      	 0.48734   0.20806  -0.85342   0.15803  
      	     	          	           	          	           	             	                                      	 0.11950   0.90167   0.29534  -1.31650  

  #81	154   	-139366.20415	Yes        	4        	0.593    	0.000    	 0.18329   0.33209   0.32187   0.16275	-1.20835   0.21585   0.89910   0.09340  
      	     	          	           	          	           	             	                                      	 0.11913  -0.80130   0.21076   0.47140  
      	     	          	           	          	           	             	                                      	 0.51198   0.21745  -0.89095   0.16151  
      	     	          	           	          	           	             	                                      	 0.10518   0.96186   0.31942  -1.38646  

  #82	154   	-137583.03235	Yes        	4        	0.622    	0.000    	 0.18238   0.31827   0.32812   0.17122	-1.32362   0.22342   0.98890   0.11131  
      	     	          	           	          	           	             	                                      	 0.12803  -0.78405   0.18334   0.47268  
      	     	          	           	          	           	             	                                      	 0.54968   0.17783  -0.87928   0.15177  
      	     	          	           	          	           	             	                                      	 0.11856   0.87862   0.29085  -1.28803  

  #83	154   	-139762.24354	Yes        	4        	0.590    	0.000    	 0.18370   0.31783   0.33025   0.16822	-1.33683   0.29744   0.96306   0.07633  
      	     	          	           	          	           	             	                                      	 0.17191  -0.81568   0.19962   0.44415  
      	     	          	           	          	           	             	                                      	 0.53568   0.19210  -0.87864   0.15085  
      	     	          	           	          	           	             	                                      	 0.08335   0.83917   0.29616  -1.21869  

  #84	154   	-140767.34342	Yes        	4        	0.582    	0.000    	 0.18490   0.31906   0.32481   0.17123	-1.32595   0.25301   0.97873   0.09421  
      	     	          	           	          	           	             	                                      	 0.14662  -0.77401   0.18927   0.43812  
      	     	          	           	          	           	             	                                      	 0.55713   0.18592  -0.91134   0.16829  
      	     	          	           	          	           	             	                                      	 0.10172   0.81636   0.31923  -1.23731  

  #85	154   	-141957.90168	Yes        	4        	0.562    	0.000    	 0.18629   0.32541   0.32279   0.16551	-1.28615   0.21746   0.99593   0.07277  
      	     	          	           	          	           	             	                                      	 0.12449  -0.77435   0.20575   0.44411  
      	     	          	           	          	           	             	                                      	 0.57477   0.20742  -0.93378   0.15159  
      	     	          	           	          	           	             	                                      	 0.08190   0.87318   0.29563  -1.25072  

  #86	154   	-139255.83510	Yes        	4        	0.575    	0.000    	 0.18319   0.32767   0.32026   0.16888	-1.34925   0.25199   1.01311   0.08415  
      	     	          	           	          	           	             	                                      	 0.14088  -0.76188   0.17463   0.44637  
      	     	          	           	          	           	             	                                      	 0.57952   0.17867  -0.91226   0.15407  
      	     	          	           	          	           	             	                                      	 0.09129   0.86610   0.29217  -1.24956  

  #87	154   	-138698.59977	Yes        	4        	0.598    	0.000    	 0.18648   0.31596   0.33370   0.16386	-1.34800   0.27160   0.99505   0.08136  
      	     	          	           	          	           	             	                                      	 0.16029  -0.81105   0.20820   0.44255  
      	     	          	           	          	           	             	                                      	 0.55604   0.19714  -0.88209   0.12891  
      	     	          	           	          	           	             	                                      	 0.09259   0.85334   0.26252  -1.20844  

  #88	154   	-142365.23151	Yes        	4        	0.613    	0.000    	 0.17835   0.33350   0.32496   0.16320	-1.44402   0.26845   1.06629   0.10929  
      	     	          	           	          	           	             	                                      	 0.14356  -0.71417   0.16105   0.40956  
      	     	          	           	          	           	             	                                      	 0.58522   0.16529  -0.91103   0.16053  
      	     	          	           	          	           	             	                                      	 0.11943   0.83694   0.31965  -1.27602  

  #89	154   	-141670.62069	Yes        	4        	0.571    	0.000    	 0.17582   0.32576   0.32639   0.17203	-1.39007   0.29138   1.01374   0.08496  
      	     	          	           	          	           	             	                                      	 0.15726  -0.77396   0.18540   0.43130  
      	     	          	           	          	           	             	                                      	 0.54606   0.18504  -0.89871   0.16761  
      	     	          	           	          	           	             	                                      	 0.08683   0.81672   0.31801  -1.22156  

  #90	154   	-139181.34163	Yes        	4        	0.605    	0.000    	 0.18175   0.32956   0.32182   0.16687	-1.28332   0.26020   0.92791   0.09521  
      	     	          	           	          	           	             	                                      	 0.14350  -0.78739   0.19521   0.44868  
      	     	          	           	          	           	             	                                      	 0.52406   0.19990  -0.89348   0.16952  
      	     	          	           	          	           	             	                                      	 0.10370   0.88610   0.32693  -1.31673  

  #91	154   	-138631.08611	Yes        	4        	0.612    	0.000    	 0.18093   0.32103   0.32825   0.16979	-1.34866   0.25470   0.99763   0.09633  
      	     	          	           	          	           	             	                                      	 0.14354  -0.77930   0.18783   0.44793  
      	     	          	           	          	           	             	                                      	 0.54988   0.18370  -0.89166   0.15808  
      	     	          	           	          	           	             	                                      	 0.10265   0.84695   0.30562  -1.25522  

  #92	154   	-140165.97112	Yes        	4        	0.593    	0.000    	 0.18037   0.33090   0.32051   0.16822	-1.28268   0.28756   0.90764   0.08747  
      	     	          	           	          	           	             	                                      	 0.15674  -0.81094   0.18770   0.46650  
      	     	          	           	          	           	             	                                      	 0.51077   0.19378  -0.86734   0.16279  
      	     	          	           	          	           	             	                                      	 0.09378   0.91761   0.31017  -1.32157  

  #93	154   	-141225.11758	Yes        	4        	0.577    	0.000    	 0.17782   0.31850   0.32622   0.17745	-1.26392   0.25987   0.92640   0.07765  
      	     	          	           	          	           	             	                                      	 0.14509  -0.83150   0.17535   0.51106  
      	     	          	           	          	           	             	                                      	 0.50497   0.17120  -0.84975   0.17357  
      	     	          	           	          	           	             	                                      	 0.07781   0.91729   0.31910  -1.31420  

  #94	154   	-140858.24811	Yes        	4        	0.577    	0.000    	 0.17693   0.32536   0.32507   0.17263	-1.35738   0.24163   1.03168   0.08406  
      	     	          	           	          	           	             	                                      	 0.13140  -0.76783   0.18579   0.45064  
      	     	          	           	          	           	             	                                      	 0.56154   0.18596  -0.90981   0.16231  
      	     	          	           	          	           	             	                                      	 0.08616   0.84934   0.30562  -1.24112  

